Camera Matrix (Intrinsic):
466.206545 0.000000 329.203641
0.000000 466.287434 241.297869
0.000000 0.000000 1.000000

Distortion Coefficients:
0.036160 -0.160952 0.001255 0.002809 0.187794

Hand-Eye Transformation Matrix:
-0.926789 0.375559 0.004223 -0.016682
-0.375525 -0.926785 0.007149 0.063996
0.006599 0.005040 0.999966 0.028394
0.000000 0.000000 0.000000 1.000000

Hand-Eye RPY:
0.288775
-0.378093
-157.942715

Inverse Hand-Eye Transformation Matrix:
-0.926789 -0.375525 0.006599 0.008384
0.375559 -0.926785 0.005040 0.065432
0.004223 0.007149 0.999966 -0.028780
0.000000 0.000000 0.000000 1.000000

Inverse Hand-Eye RPY:
0.409629
-0.241970
157.940897
