Camera Matrix (Intrinsic):
594.837456 0.000000 320.723254
0.000000 594.679420 240.931797
0.000000 0.000000 1.000000

Distortion Coefficients:
0.112831 -0.107351 0.001016 -0.001188 -0.433491

Hand-Eye Transformation Matrix:
0.390446 0.920577 -0.009479 -0.071484
-0.920603 0.390488 0.003013 0.006329
0.006475 0.007549 0.999951 0.026299
0.000000 0.000000 0.000000 1.000000

Hand-Eye RPY:
0.432564
-0.371017
-67.017261

Inverse Hand-Eye Transformation Matrix:
0.390446 -0.920603 0.006475 0.033567
0.920577 0.390488 0.007549 0.063137
-0.009479 0.003013 0.999951 -0.026994
0.000000 0.000000 0.000000 1.000000

Inverse Hand-Eye RPY:
0.172667
0.543093
67.016679
