camera_matrix:
- [636.4796692596815, 0.0, 328.25570321169005]
- [0.0, 636.1931070742528, 253.20609429973928]
- [0.0, 0.0, 1.0]
distortion_coefficients:
- [0.018557330627078934, 1.6905889051575742, 0.0029276598048999978, -0.004448129782230986,
  -6.93864859174788]
hand_eye_rpy: [-0.6725590203493931, -0.5503857485377934, -91.12476310913095]
hand_eye_transformation_matrix:
- [-0.019628653069483235, 0.9997362277276657, 0.011924384576824404, -0.06887362198587373]
- [-0.9997611928584871, -0.019740939612487872, 0.00937296950768024, 0.036830483914285166]
- [0.009605895734061898, -0.011737558181932686, 0.9998849716317741, 0.013519864070393774]
- [0.0, 0.0, 0.0, 1.0]
