camera_matrix:
- [597.0674345605928, 0.0, 331.7858988718751]
- [0.0, 596.5360021862358, 250.10660158361716]
- [0.0, 0.0, 1.0]
distortion_coefficients:
- [0.11546535045224463, -0.01715728117345145, 0.0001245653736422086, -0.001870186472545391,
  -0.7396417781712822]
hand_eye_rpy: [0.0063952354008356095, -0.5106206341427861, -90.9105619257267]
hand_eye_transformation_matrix:
- [-0.015891003597580243, 0.9998737295795987, 3.002073329649857e-05, -0.06336375516825449]
- [-0.9998340133052324, -0.015890639981243626, 0.008912541665416662, 0.033947776209433934]
- [0.008911893323698624, 0.00011161348141464078, 0.999960282061151, 0.02790674807292577]
- [0.0, 0.0, 0.0, 1.0]
