camera_matrix:
- [974.6949183349152, 0.0, 650.4403499729401]
- [0.0, 974.0763583664426, 381.3497438437841]
- [0.0, 0.0, 1.0]
distortion_coefficients:
- [0.022570216499769303, 1.9337065005322405, 0.0028576443006580153, -0.0045683914773876145,
  -9.004472649826397]
hand_eye_transformation_matrix:
- [0.9387842189960792, 0.19357490472418404, 0.2849788525925116, 14.09294662133517]
- [-0.24722986551494824, 0.954634111570377, 0.1659852602603541, 21.225834753380575]
- [0.23991995282048117, 0.22627962631942844, -0.9440529365196411, 22.285072700752497]
- [0.0, 0.0, 0.0, 1.0]
