camera_matrix:
- [636.4796692596815, 0.0, 328.25570321169005]
- [0.0, 636.1931070742528, 253.20609429973928]
- [0.0, 0.0, 1.0]
distortion_coefficients:
- [0.018557330627078934, 1.6905889051575742, 0.0029276598048999978, -0.004448129782230986,
  -6.93864859174788]
hand_eye_rpy: [3.043354602784465, 4.737135563456412, -19.830032316110696]
hand_eye_transformation_matrix:
- [0.915917429866417, 0.0994262958160288, 0.3888568803135684, 0.028971334120491916]
- [-0.24669483049025231, 0.9036796193684573, 0.35000686585760976, 0.012064813533631924]
- [0.3166021514081727, 0.41650637118582523, -0.8522238675872267, -0.08773631731183815]
- [0.0, 0.0, 0.0, 1.0]
