Camera Matrix (Intrinsic):
460.284439 0.000000 321.538195
0.000000 460.192916 236.534641
0.000000 0.000000 1.000000

Distortion Coefficients:
0.030555 -0.163199 0.001264 0.000123 0.184110

Hand-Eye Transformation Matrix:
0.999811 0.006638 -0.018247 -0.010311
-0.007062 0.999704 -0.023287 -0.058573
0.018087 0.023412 0.999562 -0.230637
0.000000 0.000000 0.000000 1.000000

Hand-Eye RPY:
1.341737
-1.036362
-0.404704

Inverse Hand-Eye Transformation Matrix:
0.999811 -0.007062 0.018087 0.014066
0.006638 0.999704 0.023412 0.064024
-0.018247 -0.023287 0.999562 0.228984
0.000000 0.000000 0.000000 1.000000

Inverse Hand-Eye RPY:
-1.334606
1.045530
0.380391
